   1.0000000e-02   6.9563866e-01   2.3085073e-01   7.3510613e-02   2.3355183e-03   2.0517649e-02   7.2763904e-03
   2.0000000e-02   6.6147496e-01   2.2849862e-01   1.1002642e-01   4.5904210e-03   4.6965906e-02   3.6918153e-02
   3.0000000e-02   6.3254626e-01   2.2612866e-01   1.4132508e-01   6.4187726e-03   7.0142815e-02   6.0314949e-02
   4.0000000e-02   6.0763899e-01   2.2381789e-01   1.6854312e-01   8.0108233e-03   9.1090618e-02   7.5788829e-02
   5.0000000e-02   5.8591091e-01   2.2159099e-01   1.9249810e-01   9.4179432e-03   1.1073520e-01   8.8240030e-02
   6.0000000e-02   5.6674761e-01   2.1946016e-01   2.1379223e-01   1.0673403e-02   1.2939684e-01   9.9065458e-02
   7.0000000e-02   5.4969018e-01   2.1742979e-01   2.3288003e-01   1.1802500e-02   1.4722893e-01   1.0875361e-01
   8.0000000e-02   5.3439271e-01   2.1549281e-01   2.5011448e-01   1.2824980e-02   1.6433806e-01   1.1755492e-01
   9.0000000e-02   5.2057438e-01   2.1365177e-01   2.6577384e-01   1.3756514e-02   1.8079928e-01   1.2563367e-01
   1.0000000e-01   5.0802625e-01   2.1188996e-01   2.8008379e-01   1.4609730e-02   1.9668639e-01   1.3309971e-01
   2.0000000e-01   4.2499624e-01   1.9797659e-01   3.7702717e-01   2.0444343e-02   3.3284147e-01   1.8779649e-01
   3.0000000e-01   3.8001400e-01   1.8838097e-01   4.3160502e-01   2.3774884e-02   4.4329695e-01   2.2414149e-01
   5.0000000e-01   3.3099246e-01   1.7560759e-01   4.9339995e-01   2.7594875e-02   6.2427634e-01   2.7469577e-01
   7.0000000e-01   3.0406826e-01   1.6719274e-01   5.2873900e-01   2.9808426e-02   7.7498873e-01   3.1116656e-01
   8.5000000e-01   2.9046388e-01   1.6244581e-01   5.4709031e-01   3.0968152e-02   8.7562015e-01   3.3348106e-01
   1.0000000e+00   2.8011232e-01   1.5856653e-01   5.6132116e-01   3.1873081e-02   9.6857403e-01   3.5293202e-01
   1.4736842e+00   2.5893202e-01   1.4975175e-01   5.9131623e-01   3.3799313e-02   1.2273517e+00   4.0245400e-01
   1.9473684e+00   2.4643604e-01   1.4386756e-01   6.0969640e-01   3.4994848e-02   1.4510815e+00   4.4103660e-01
   2.4210526e+00   2.3804734e-01   1.3955876e-01   6.2239389e-01   3.5829013e-02   1.6518631e+00   4.7310886e-01
   2.8947368e+00   2.3195778e-01   1.3621700e-01   6.3182523e-01   3.6453713e-02   1.8360852e+00   5.0080640e-01
   3.3684211e+00   2.2729799e-01   1.3352134e-01   6.3918067e-01   3.6944310e-02   2.0075960e+00   5.2532537e-01
   3.8421053e+00   2.2359582e-01   1.3128350e-01   6.4512068e-01   3.7342971e-02   2.1689845e+00   5.4744253e-01
   4.3157895e+00   2.2056856e-01   1.2938467e-01   6.5004678e-01   3.7675365e-02   2.3220056e+00   5.6763878e-01
   4.7894737e+00   2.1803775e-01   1.2774536e-01   6.5421689e-01   3.7958128e-02   2.4679895e+00   5.8627767e-01
   5.2631579e+00   2.1588387e-01   1.2631043e-01   6.5780570e-01   3.8202575e-02   2.6079375e+00   6.0362741e-01
   5.7368421e+00   2.1402310e-01   1.2503989e-01   6.6093702e-01   3.8416709e-02   2.7425959e+00   6.1986845e-01
   6.2105263e+00   2.1239590e-01   1.2390412e-01   6.6369998e-01   3.8606369e-02   2.8725995e+00   6.3516631e-01
   6.6842105e+00   2.1095921e-01   1.2287972e-01   6.6616107e-01   3.8775927e-02   2.9985273e+00   6.4965603e-01
   7.1578947e+00   2.0967826e-01   1.2194971e-01   6.6837202e-01   3.8928736e-02   3.1207221e+00   6.6341525e-01
   7.6315789e+00   2.0852738e-01   1.2110053e-01   6.7037209e-01   3.9067409e-02   3.2395409e+00   6.7654107e-01
   8.1052632e+00   2.0748659e-01   1.2032031e-01   6.7219310e-01   3.9194025e-02   3.3553043e+00   6.8908843e-01
   8.5789474e+00   2.0653970e-01   1.1960027e-01   6.7386003e-01   3.9310253e-02   3.4682663e+00   7.0112462e-01
   9.0526316e+00   2.0567369e-01   1.1893283e-01   6.7539348e-01   3.9417458e-02   3.5786534e+00   7.1269578e-01
   9.5263158e+00   2.0487776e-01   1.1831175e-01   6.7681049e-01   3.9516764e-02   3.6866482e+00   7.2383951e-01
   1.0000000e+01   2.0414309e-01   1.1773188e-01   6.7812502e-01   3.9609108e-02   3.7924202e+00   7.3459469e-01
