   0.0000000e+00   1.2836560e+00   2.7805265e+00   2.0000000e-01   3.0000000e-01   5.0000000e-01   2.9785755e-02   2.0000000e+00   3.5087533e-02
   1.0890301e-02   1.2843495e+00   2.7818311e+00   2.0003384e-01   2.9995696e-01   5.0000921e-01   2.9786403e-02   2.0000000e+00   3.5087533e-02
   2.1780603e-02   1.2850426e+00   2.7831343e+00   2.0006766e-01   2.9991393e-01   5.0001841e-01   2.9787051e-02   2.0000000e+00   3.5087533e-02
   3.2670904e-02   1.2857353e+00   2.7844362e+00   2.0010147e-01   2.9987091e-01   5.0002762e-01   2.9787698e-02   2.0000000e+00   3.5087533e-02
   8.0426485e-02   1.2887692e+00   2.7901288e+00   2.0024959e-01   2.9968241e-01   5.0006800e-01   2.9790537e-02   2.0000000e+00   3.5087533e-02
   1.2818207e-01   1.2917964e+00   2.7957950e+00   2.0039748e-01   2.9949414e-01   5.0010838e-01   2.9793373e-02   2.0000000e+00   3.5087533e-02
   1.7593765e-01   1.2948167e+00   2.8014344e+00   2.0054512e-01   2.9930610e-01   5.0014878e-01   2.9796206e-02   2.0000000e+00   3.5087533e-02
   2.2369323e-01   1.2978303e+00   2.8070472e+00   2.0069252e-01   2.9911829e-01   5.0018919e-01   2.9799036e-02   2.0000000e+00   3.5087533e-02
   3.7815052e-01   1.3075305e+00   2.8250192e+00   2.0116757e-01   2.9851247e-01   5.0031996e-01   2.9808168e-02   2.0000000e+00   3.5087533e-02
   5.3260781e-01   1.3171602e+00   2.8427163e+00   2.0164009e-01   2.9790907e-01   5.0045084e-01   2.9817270e-02   2.0000000e+00   3.5087533e-02
   6.8706510e-01   1.3267197e+00   2.8601413e+00   2.0211009e-01   2.9730810e-01   5.0058181e-01   2.9826343e-02   2.0000000e+00   3.5087533e-02
   8.4152239e-01   1.3362096e+00   2.8772969e+00   2.0257758e-01   2.9670954e-01   5.0071288e-01   2.9835388e-02   2.0000000e+00   3.5087533e-02
   1.0973225e+00   1.3517738e+00   2.9051229e+00   2.0334632e-01   2.9572352e-01   5.0093016e-01   2.9850308e-02   2.0000000e+00   3.5087533e-02
   1.3531226e+00   1.3671497e+00   2.9322286e+00   2.0410826e-01   2.9474406e-01   5.0114768e-01   2.9865158e-02   2.0000000e+00   3.5087533e-02
   1.6089228e+00   1.3823391e+00   2.9586254e+00   2.0486346e-01   2.9377110e-01   5.0136544e-01   2.9879941e-02   2.0000000e+00   3.5087533e-02
   1.8647229e+00   1.3973438e+00   2.9843246e+00   2.0561196e-01   2.9280462e-01   5.0158342e-01   2.9894661e-02   2.0000000e+00   3.5087533e-02
   2.1205230e+00   1.4121655e+00   3.0093375e+00   2.0635381e-01   2.9184457e-01   5.0180163e-01   2.9909321e-02   2.0000000e+00   3.5087533e-02
   2.8727111e+00   1.4547057e+00   3.0790169e+00   2.0849716e-01   2.8905841e-01   5.0244443e-01   2.9952110e-02   2.0000000e+00   3.5087533e-02
   3.6248991e+00   1.4957230e+00   3.1431326e+00   2.1058460e-01   2.8632657e-01   5.0308883e-01   2.9994473e-02   2.0000000e+00   3.5087533e-02
   4.3770871e+00   1.5352614e+00   3.2019514e+00   2.1261731e-01   2.8364805e-01   5.0373463e-01   3.0036465e-02   2.0000000e+00   3.5087533e-02
   5.1292752e+00   1.5733638e+00   3.2557304e+00   2.1459641e-01   2.8102190e-01   5.0438169e-01   3.0078131e-02   2.0000000e+00   3.5087533e-02
   5.8814632e+00   1.6100720e+00   3.3047166e+00   2.1652301e-01   2.7844715e-01   5.0502984e-01   3.0119509e-02   2.0000000e+00   3.5087533e-02
   6.8492095e+00   1.6553151e+00   3.3610724e+00   2.1892623e-01   2.7520860e-01   5.0586517e-01   3.0172370e-02   2.0000000e+00   3.5087533e-02
   7.8169558e+00   1.6984028e+00   3.4103681e+00   2.2124658e-01   2.7205154e-01   5.0670188e-01   3.0224860e-02   2.0000000e+00   3.5087533e-02
   8.7847021e+00   1.7394162e+00   3.4530589e+00   2.2348624e-01   2.6897399e-01   5.0753976e-01   3.0277022e-02   2.0000000e+00   3.5087533e-02
   9.7524485e+00   1.7784338e+00   3.4895751e+00   2.2564734e-01   2.6597402e-01   5.0837864e-01   3.0328893e-02   2.0000000e+00   3.5087533e-02
   1.0720195e+01   1.8155304e+00   3.5203226e+00   2.2773194e-01   2.6304971e-01   5.0921834e-01   3.0380500e-02   2.0000000e+00   3.5087533e-02
   1.1687941e+01   1.8507784e+00   3.5456845e+00   2.2974207e-01   2.6019921e-01   5.1005872e-01   3.0431868e-02   2.0000000e+00   3.5087533e-02
   1.3291146e+01   1.9052874e+00   3.5768076e+00   2.3291349e-01   2.5563444e-01   5.1145207e-01   3.0516489e-02   2.0000000e+00   3.5087533e-02
   1.4894351e+01   1.9552089e+00   3.5956495e+00   2.3589454e-01   2.5125909e-01   5.1284637e-01   3.0600573e-02   2.0000000e+00   3.5087533e-02
   1.6497555e+01   2.0008203e+00   3.6035829e+00   2.3869351e-01   2.4706533e-01   5.1424116e-01   3.0684171e-02   2.0000000e+00   3.5087533e-02
   1.8100760e+01   2.0423806e+00   3.6018491e+00   2.4131838e-01   2.4304561e-01   5.1563602e-01   3.0767319e-02   2.0000000e+00   3.5087533e-02
   1.9703965e+01   2.0801318e+00   3.5915697e+00   2.4377676e-01   2.3919266e-01   5.1703057e-01   3.0850043e-02   2.0000000e+00   3.5087533e-02
   2.1307170e+01   2.1142999e+00   3.5737570e+00   2.4607602e-01   2.3549950e-01   5.1842448e-01   3.0932360e-02   2.0000000e+00   3.5087533e-02
   2.1905499e+01   2.1261773e+00   3.5653674e+00   2.4689480e-01   2.3416074e-01   5.1894446e-01   3.0962980e-02   2.0000000e+00   3.5087533e-02
   2.2503827e+01   2.1375970e+00   3.5561030e+00   2.4769280e-01   2.3284292e-01   5.1946428e-01   3.0993545e-02   2.0000000e+00   3.5087533e-02
   2.3102156e+01   2.1485710e+00   3.5460087e+00   2.4847047e-01   2.3154565e-01   5.1998388e-01   3.1024053e-02   2.0000000e+00   3.5087533e-02
   2.3700484e+01   2.1591102e+00   3.5351264e+00   2.4922817e-01   2.3026858e-01   5.2050325e-01   3.1054504e-02   2.0000000e+00   3.5087533e-02
   2.4298813e+01   2.1692242e+00   3.5234953e+00   2.4996625e-01   2.2901139e-01   5.2102236e-01   3.1084898e-02   2.0000000e+00   3.5087533e-02
   2.4998323e+01   2.1805222e+00   3.5089977e+00   2.5080470e-01   2.2756638e-01   5.2162892e-01   3.1120361e-02   2.0000000e+00   3.5087533e-02
   2.5697832e+01   2.1912664e+00   3.4935848e+00   2.5161730e-01   2.2614760e-01   5.2223510e-01   3.1155746e-02   2.0000000e+00   3.5087533e-02
   2.6397342e+01   2.2014714e+00   3.4773115e+00   2.5240456e-01   2.2475456e-01   5.2284088e-01   3.1191055e-02   2.0000000e+00   3.5087533e-02
   2.7096852e+01   2.2111510e+00   3.4602302e+00   2.5316699e-01   2.2338678e-01   5.2344623e-01   3.1226287e-02   2.0000000e+00   3.5087533e-02
   2.7796361e+01   2.2203188e+00   3.4423911e+00   2.5390509e-01   2.2204378e-01   5.2405113e-01   3.1261441e-02   2.0000000e+00   3.5087533e-02
   2.8495871e+01   2.2289881e+00   3.4238418e+00   2.5461933e-01   2.2072510e-01   5.2465557e-01   3.1296519e-02   2.0000000e+00   3.5087533e-02
   3.0676050e+01   2.2529483e+00   3.3619604e+00   2.5669767e-01   2.1676613e-01   5.2653620e-01   3.1405344e-02   2.0000000e+00   3.5087533e-02
   3.2469823e+01   2.2693832e+00   3.3070866e+00   2.5824729e-01   2.1367316e-01   5.2807955e-01   3.1494307e-02   2.0000000e+00   3.5087533e-02
   3.4263597e+01   2.2830633e+00   3.2492976e+00   2.5966012e-01   2.1072093e-01   5.2961895e-01   3.1582740e-02   2.0000000e+00   3.5087533e-02
   3.6057371e+01   2.2941671e+00   3.1891340e+00   2.6094324e-01   2.0790265e-01   5.3115411e-01   3.1670631e-02   2.0000000e+00   3.5087533e-02
   3.7851145e+01   2.3028620e+00   3.1270736e+00   2.6210344e-01   2.0521186e-01   5.3268469e-01   3.1757965e-02   2.0000000e+00   3.5087533e-02
   3.9644919e+01   2.3093051e+00   3.0635375e+00   2.6314719e-01   2.0264241e-01   5.3421040e-01   3.1844729e-02   2.0000000e+00   3.5087533e-02
   4.0141586e+01   2.3107110e+00   3.0457354e+00   2.6341644e-01   2.0195162e-01   5.3463193e-01   3.1868649e-02   2.0000000e+00   3.5087533e-02
   4.0638252e+01   2.3119601e+00   3.0278577e+00   2.6367743e-01   2.0126952e-01   5.3505304e-01   3.1892522e-02   2.0000000e+00   3.5087533e-02
   4.1134918e+01   2.3130570e+00   3.0099132e+00   2.6393036e-01   2.0059594e-01   5.3547369e-01   3.1916347e-02   2.0000000e+00   3.5087533e-02
   4.1631585e+01   2.3140056e+00   2.9919094e+00   2.6417540e-01   1.9993074e-01   5.3589386e-01   3.1940122e-02   2.0000000e+00   3.5087533e-02
   4.2128251e+01   2.3148085e+00   2.9738525e+00   2.6441265e-01   1.9927380e-01   5.3631355e-01   3.1963847e-02   2.0000000e+00   3.5087533e-02
   4.2624917e+01   2.3154683e+00   2.9557485e+00   2.6464224e-01   1.9862502e-01   5.3673274e-01   3.1987522e-02   2.0000000e+00   3.5087533e-02
   4.3319349e+01   2.3161559e+00   2.9303679e+00   2.6495060e-01   1.9773138e-01   5.3731803e-01   3.2020539e-02   2.0000000e+00   3.5087533e-02
   4.4013782e+01   2.3165762e+00   2.9049222e+00   2.6524451e-01   1.9685317e-01   5.3790233e-01   3.2053456e-02   2.0000000e+00   3.5087533e-02
   4.4708214e+01   2.3167365e+00   2.8794261e+00   2.6552429e-01   1.9599009e-01   5.3848562e-01   3.2086271e-02   2.0000000e+00   3.5087533e-02
   4.5402646e+01   2.3166438e+00   2.8538937e+00   2.6579024e-01   1.9514187e-01   5.3906789e-01   3.2118985e-02   2.0000000e+00   3.5087533e-02
   4.6097078e+01   2.3163048e+00   2.8283381e+00   2.6604266e-01   1.9430822e-01   5.3964912e-01   3.2151594e-02   2.0000000e+00   3.5087533e-02
   4.7286449e+01   2.3151713e+00   2.7845506e+00   2.6644441e-01   1.9291344e-01   5.4064215e-01   3.2207201e-02   2.0000000e+00   3.5087533e-02
   4.8475820e+01   2.3133673e+00   2.7407907e+00   2.6680880e-01   1.9155922e-01   5.4163197e-01   3.2262494e-02   2.0000000e+00   3.5087533e-02
   4.9665191e+01   2.3109241e+00   2.6971123e+00   2.6713724e-01   1.9024425e-01   5.4261851e-01   3.2317466e-02   2.0000000e+00   3.5087533e-02
   5.0854562e+01   2.3078720e+00   2.6535643e+00   2.6743107e-01   1.8896725e-01   5.4360167e-01   3.2372111e-02   2.0000000e+00   3.5087533e-02
   5.2043933e+01   2.3042398e+00   2.6101914e+00   2.6769165e-01   1.8772699e-01   5.4458136e-01   3.2426421e-02   2.0000000e+00   3.5087533e-02
   5.3233304e+01   2.3000558e+00   2.5670340e+00   2.6792024e-01   1.8652228e-01   5.4555748e-01   3.2480391e-02   2.0000000e+00   3.5087533e-02
   5.5663964e+01   2.2899008e+00   2.4796567e+00   2.6829314e-01   1.8416602e-01   5.4754083e-01   3.2589594e-02   2.0000000e+00   3.5087533e-02
   5.8094624e+01   2.2777715e+00   2.3936016e+00   2.6854785e-01   1.8194410e-01   5.4950805e-01   3.2697278e-02   2.0000000e+00   3.5087533e-02
   6.0525283e+01   2.2638717e+00   2.3090892e+00   2.6869393e-01   1.7984778e-01   5.5145829e-01   3.2803374e-02   2.0000000e+00   3.5087533e-02
   6.2955943e+01   2.2483917e+00   2.2262974e+00   2.6874040e-01   1.7786892e-01   5.5339068e-01   3.2907813e-02   2.0000000e+00   3.5087533e-02
   6.5386603e+01   2.2315098e+00   2.1453681e+00   2.6869577e-01   1.7599992e-01   5.5530431e-01   3.3010521e-02   2.0000000e+00   3.5087533e-02
   6.7817262e+01   2.2133925e+00   2.0664129e+00   2.6856801e-01   1.7423373e-01   5.5719826e-01   3.3111423e-02   2.0000000e+00   3.5087533e-02
   7.0635553e+01   2.1910451e+00   1.9774505e+00   2.6832572e-01   1.7230592e-01   5.5936835e-01   3.3226052e-02   2.0000000e+00   3.5087533e-02
   7.3453844e+01   2.1674749e+00   1.8913576e+00   2.6799280e-01   1.7049803e-01   5.6150917e-01   3.3338020e-02   2.0000000e+00   3.5087533e-02
   7.6272135e+01   2.1428944e+00   1.8082039e+00   2.6757954e-01   1.6880134e-01   5.6361912e-01   3.3447198e-02   2.0000000e+00   3.5087533e-02
   7.9090426e+01   2.1175021e+00   1.7280346e+00   2.6709553e-01   1.6720789e-01   5.6569657e-01   3.3553452e-02   2.0000000e+00   3.5087533e-02
   8.1908717e+01   2.0914835e+00   1.6508755e+00   2.6654978e-01   1.6571038e-01   5.6773984e-01   3.3656647e-02   2.0000000e+00   3.5087533e-02
   8.4727008e+01   2.0650121e+00   1.5767370e+00   2.6595069e-01   1.6430213e-01   5.6974718e-01   3.3756647e-02   2.0000000e+00   3.5087533e-02
   8.5441212e+01   2.0582515e+00   1.5584287e+00   2.6579135e-01   1.6395870e-01   5.7024995e-01   3.3781465e-02   2.0000000e+00   3.5087533e-02
   8.6155416e+01   2.0514757e+00   1.5403147e+00   2.6562925e-01   1.6362048e-01   5.7075027e-01   3.3806066e-02   2.0000000e+00   3.5087533e-02
   8.6869620e+01   2.0446903e+00   1.5223966e+00   2.6546466e-01   1.6328730e-01   5.7124803e-01   3.3830445e-02   2.0000000e+00   3.5087533e-02
   8.7384311e+01   2.0397978e+00   1.5096063e+00   2.6534466e-01   1.6305022e-01   5.7160512e-01   3.3847874e-02   2.0000000e+00   3.5087533e-02
   8.7899002e+01   2.0349042e+00   1.4969184e+00   2.6522355e-01   1.6281562e-01   5.7196083e-01   3.3865184e-02   2.0000000e+00   3.5087533e-02
   8.8413694e+01   2.0300100e+00   1.4843327e+00   2.6510136e-01   1.6258349e-01   5.7231515e-01   3.3882376e-02   2.0000000e+00   3.5087533e-02
   8.8928385e+01   2.0251159e+00   1.4718489e+00   2.6497812e-01   1.6235380e-01   5.7266808e-01   3.3899447e-02   2.0000000e+00   3.5087533e-02
   8.9443076e+01   2.0202229e+00   1.4594670e+00   2.6485387e-01   1.6212653e-01   5.7301960e-01   3.3916398e-02   2.0000000e+00   3.5087533e-02
   8.9957767e+01   2.0153316e+00   1.4471866e+00   2.6472865e-01   1.6190164e-01   5.7336971e-01   3.3933228e-02   2.0000000e+00   3.5087533e-02
   9.1298516e+01   2.0026043e+00   1.4156728e+00   2.6439820e-01   1.6132680e-01   5.7427500e-01   3.3976495e-02   2.0000000e+00   3.5087533e-02
   9.2639264e+01   1.9899084e+00   1.3848442e+00   2.6406212e-01   1.6076746e-01   5.7517042e-01   3.4018922e-02   2.0000000e+00   3.5087533e-02
   9.3980013e+01   1.9772569e+00   1.3546971e+00   2.6372104e-01   1.6022318e-01   5.7605577e-01   3.4060496e-02   2.0000000e+00   3.5087533e-02
   9.5320761e+01   1.9646623e+00   1.3252275e+00   2.6337559e-01   1.5969353e-01   5.7693088e-01   3.4101206e-02   2.0000000e+00   3.5087533e-02
   9.6661510e+01   1.9521370e+00   1.2964312e+00   2.6302636e-01   1.5917808e-01   5.7779555e-01   3.4141041e-02   2.0000000e+00   3.5087533e-02
   9.8612088e+01   1.9340622e+00   1.2557304e+00   2.6251275e-01   1.5845276e-01   5.7903449e-01   3.4197408e-02   2.0000000e+00   3.5087533e-02
   1.0056267e+02   1.9161932e+00   1.2164307e+00   2.6199411e-01   1.5775552e-01   5.8025037e-01   3.4251869e-02   2.0000000e+00   3.5087533e-02
   1.0251325e+02   1.8985623e+00   1.1785167e+00   2.6147206e-01   1.5708530e-01   5.8144264e-01   3.4304396e-02   2.0000000e+00   3.5087533e-02
   1.0446382e+02   1.8812001e+00   1.1419717e+00   2.6094818e-01   1.5644108e-01   5.8261073e-01   3.4354966e-02   2.0000000e+00   3.5087533e-02
   1.0641440e+02   1.8641350e+00   1.1067781e+00   2.6042394e-01   1.5582193e-01   5.8375413e-01   3.4403559e-02   2.0000000e+00   3.5087533e-02
   1.0836498e+02   1.8473933e+00   1.0729172e+00   2.5990075e-01   1.5522695e-01   5.8487231e-01   3.4450161e-02   2.0000000e+00   3.5087533e-02
   1.1131579e+02   1.8227348e+00   1.0241819e+00   2.5911417e-01   1.5437096e-01   5.8651487e-01   3.4516855e-02   2.0000000e+00   3.5087533e-02
   1.1426660e+02   1.7989461e+00   9.7837844e-01   2.5833723e-01   1.5356572e-01   5.8809705e-01   3.4578961e-02   2.0000000e+00   3.5087533e-02
   1.1721740e+02   1.7760906e+00   9.3542830e-01   2.5757377e-01   1.5280876e-01   5.8961746e-01   3.4636499e-02   2.0000000e+00   3.5087533e-02
   1.2016821e+02   1.7542201e+00   8.9524699e-01   2.5682726e-01   1.5209782e-01   5.9107492e-01   3.4689524e-02   2.0000000e+00   3.5087533e-02
   1.2311902e+02   1.7333750e+00   8.5774411e-01   2.5610073e-01   1.5143079e-01   5.9246848e-01   3.4738121e-02   2.0000000e+00   3.5087533e-02
   1.2606983e+02   1.7135840e+00   8.2282350e-01   2.5539683e-01   1.5080567e-01   5.9379750e-01   3.4782410e-02   2.0000000e+00   3.5087533e-02
   1.2933398e+02   1.6929402e+00   7.8708013e-01   2.5464724e-01   1.5016075e-01   5.9519201e-01   3.4826565e-02   2.0000000e+00   3.5087533e-02
   1.3259814e+02   1.6736157e+00   7.5422776e-01   2.5393058e-01   1.4956238e-01   5.9650704e-01   3.4865877e-02   2.0000000e+00   3.5087533e-02
   1.3586230e+02   1.6556039e+00   7.2411577e-01   2.5324875e-01   1.4900823e-01   5.9774302e-01   3.4900630e-02   2.0000000e+00   3.5087533e-02
   1.3912645e+02   1.6388840e+00   6.9658888e-01   2.5260310e-01   1.4849603e-01   5.9890088e-01   3.4931133e-02   2.0000000e+00   3.5087533e-02
   1.4239061e+02   1.6234234e+00   6.7148888e-01   2.5199446e-01   1.4802353e-01   5.9998201e-01   3.4957720e-02   2.0000000e+00   3.5087533e-02
   1.4565477e+02   1.6091789e+00   6.4865644e-01   2.5142319e-01   1.4758855e-01   6.0098826e-01   3.4980736e-02   2.0000000e+00   3.5087533e-02
   1.4809658e+02   1.5992879e+00   6.3296381e-01   2.5102022e-01   1.4728639e-01   6.0169339e-01   3.4995827e-02   2.0000000e+00   3.5087533e-02
   1.4896697e+02   1.5959161e+00   6.2764319e-01   2.5088162e-01   1.4718327e-01   6.0193511e-01   3.5000798e-02   2.0000000e+00   3.5087533e-02
   1.4983736e+02   1.5926240e+00   6.2246169e-01   2.5074570e-01   1.4708248e-01   6.0217182e-01   3.5005563e-02   2.0000000e+00   3.5087533e-02
   1.5070776e+02   1.5894106e+00   6.1741642e-01   2.5061243e-01   1.4698398e-01   6.0240359e-01   3.5010131e-02   2.0000000e+00   3.5087533e-02
   1.5157815e+02   1.5862746e+00   6.1250441e-01   2.5048180e-01   1.4688773e-01   6.0263048e-01   3.5014506e-02   2.0000000e+00   3.5087533e-02
   1.5244854e+02   1.5832146e+00   6.0772271e-01   2.5035378e-01   1.4679369e-01   6.0285253e-01   3.5018696e-02   2.0000000e+00   3.5087533e-02
   1.5331893e+02   1.5802293e+00   6.0306846e-01   2.5022834e-01   1.4670183e-01   6.0306983e-01   3.5022706e-02   2.0000000e+00   3.5087533e-02
   1.5418933e+02   1.5773175e+00   5.9853884e-01   2.5010548e-01   1.4661211e-01   6.0328241e-01   3.5026543e-02   2.0000000e+00   3.5087533e-02
   1.5539786e+02   1.5733938e+00   5.9245090e-01   2.4993910e-01   1.4649101e-01   6.0356989e-01   3.5031594e-02   2.0000000e+00   3.5087533e-02
   1.5660639e+02   1.5696058e+00   5.8659039e-01   2.4977755e-01   1.4637387e-01   6.0384858e-01   3.5036339e-02   2.0000000e+00   3.5087533e-02
   1.5781492e+02   1.5659499e+00   5.8095001e-01   2.4962076e-01   1.4626058e-01   6.0411866e-01   3.5040792e-02   2.0000000e+00   3.5087533e-02
   1.5902345e+02   1.5624225e+00   5.7552257e-01   2.4946866e-01   1.4615105e-01   6.0438028e-01   3.5044968e-02   2.0000000e+00   3.5087533e-02
   1.6023198e+02   1.5590201e+00   5.7030108e-01   2.4932116e-01   1.4604519e-01   6.0463364e-01   3.5048883e-02   2.0000000e+00   3.5087533e-02
   1.6144051e+02   1.5557393e+00   5.6527865e-01   2.4917819e-01   1.4594290e-01   6.0487892e-01   3.5052548e-02   2.0000000e+00   3.5087533e-02
   1.6416129e+02   1.5487801e+00   5.5466555e-01   2.4887241e-01   1.4572517e-01   6.0540242e-01   3.5059961e-02   2.0000000e+00   3.5087533e-02
   1.6688207e+02   1.5423801e+00   5.4495373e-01   2.4858811e-01   1.4552399e-01   6.0588790e-01   3.5066327e-02   2.0000000e+00   3.5087533e-02
   1.6960285e+02   1.5365014e+00   5.3607336e-01   2.4832425e-01   1.4533831e-01   6.0633744e-01   3.5071777e-02   2.0000000e+00   3.5087533e-02
   1.7232363e+02   1.5311072e+00   5.2795873e-01   2.4807976e-01   1.4516714e-01   6.0675310e-01   3.5076430e-02   2.0000000e+00   3.5087533e-02
   1.7504441e+02   1.5261623e+00   5.2054831e-01   2.4785356e-01   1.4500951e-01   6.0713693e-01   3.5080391e-02   2.0000000e+00   3.5087533e-02
   1.7776519e+02   1.5216332e+00   5.1378463e-01   2.4764460e-01   1.4486450e-01   6.0749091e-01   3.5083755e-02   2.0000000e+00   3.5087533e-02
   1.8103061e+02   1.5167019e+00   5.0644589e-01   2.4741506e-01   1.4470588e-01   6.0787906e-01   3.5087122e-02   2.0000000e+00   3.5087533e-02
   1.8429602e+02   1.5122725e+00   4.9987667e-01   2.4720704e-01   1.4456271e-01   6.0823025e-01   3.5089874e-02   2.0000000e+00   3.5087533e-02
   1.8756144e+02   1.5082975e+00   4.9399932e-01   2.4701882e-01   1.4443365e-01   6.0854753e-01   3.5092116e-02   2.0000000e+00   3.5087533e-02
   1.9082686e+02   1.5047328e+00   4.8874332e-01   2.4684877e-01   1.4431742e-01   6.0883381e-01   3.5093940e-02   2.0000000e+00   3.5087533e-02
   1.9409227e+02   1.5015383e+00   4.8404482e-01   2.4669534e-01   1.4421286e-01   6.0909181e-01   3.5095419e-02   2.0000000e+00   3.5087533e-02
   1.9735769e+02   1.4986774e+00   4.7984608e-01   2.4655706e-01   1.4411886e-01   6.0932408e-01   3.5096616e-02   2.0000000e+00   3.5087533e-02
   2.0229350e+02   1.4949123e+00   4.7433383e-01   2.4637383e-01   1.4399466e-01   6.0963152e-01   3.5098005e-02   2.0000000e+00   3.5087533e-02
   2.0722932e+02   1.4917307e+00   4.6968765e-01   2.4621784e-01   1.4388923e-01   6.0989293e-01   3.5099007e-02   2.0000000e+00   3.5087533e-02
   2.1216513e+02   1.4890444e+00   4.6577310e-01   2.4608530e-01   1.4379988e-01   6.1011482e-01   3.5099729e-02   2.0000000e+00   3.5087533e-02
   2.1710095e+02   1.4867779e+00   4.6247620e-01   2.4597286e-01   1.4372423e-01   6.1030291e-01   3.5100248e-02   2.0000000e+00   3.5087533e-02
   2.2203676e+02   1.4848666e+00   4.5970031e-01   2.4587761e-01   1.4366025e-01   6.1046214e-01   3.5100620e-02   2.0000000e+00   3.5087533e-02
   2.2697258e+02   1.4832556e+00   4.5736360e-01   2.4579700e-01   1.4360620e-01   6.1059680e-01   3.5100885e-02   2.0000000e+00   3.5087533e-02
   2.3221683e+02   1.4818210e+00   4.5528497e-01   2.4572497e-01   1.4355796e-01   6.1071707e-01   3.5101085e-02   2.0000000e+00   3.5087533e-02
   2.3746107e+02   1.4806255e+00   4.5355458e-01   2.4566477e-01   1.4351768e-01   6.1081755e-01   3.5101225e-02   2.0000000e+00   3.5087533e-02
   2.4270532e+02   1.4796297e+00   4.5211425e-01   2.4561449e-01   1.4348408e-01   6.1090143e-01   3.5101322e-02   2.0000000e+00   3.5087533e-02
   2.4794957e+02   1.4788003e+00   4.5091546e-01   2.4557253e-01   1.4345605e-01   6.1097142e-01   3.5101390e-02   2.0000000e+00   3.5087533e-02
   2.5319382e+02   1.4781096e+00   4.4991778e-01   2.4553753e-01   1.4343269e-01   6.1102978e-01   3.5101438e-02   2.0000000e+00   3.5087533e-02
   2.5843806e+02   1.4775346e+00   4.4908754e-01   2.4550835e-01   1.4341322e-01   6.1107843e-01   3.5101471e-02   2.0000000e+00   3.5087533e-02
   2.6368231e+02   1.4770560e+00   4.4839668e-01   2.4548402e-01   1.4339700e-01   6.1111898e-01   3.5101494e-02   2.0000000e+00   3.5087533e-02
   2.6980484e+02   1.4765977e+00   4.4773548e-01   2.4546071e-01   1.4338146e-01   6.1115783e-01   3.5101512e-02   2.0000000e+00   3.5087533e-02
   2.7592737e+02   1.4762279e+00   4.4720202e-01   2.4544188e-01   1.4336891e-01   6.1118921e-01   3.5101524e-02   2.0000000e+00   3.5087533e-02
   2.8204990e+02   1.4759294e+00   4.4677161e-01   2.4542667e-01   1.4335878e-01   6.1121456e-01   3.5101532e-02   2.0000000e+00   3.5087533e-02
   2.8817243e+02   1.4756885e+00   4.4642437e-01   2.4541438e-01   1.4335060e-01   6.1123502e-01   3.5101538e-02   2.0000000e+00   3.5087533e-02
   2.9429495e+02   1.4754942e+00   4.4614423e-01   2.4540447e-01   1.4334399e-01   6.1125154e-01   3.5101541e-02   2.0000000e+00   3.5087533e-02
   3.0041748e+02   1.4753374e+00   4.4591824e-01   2.4539647e-01   1.4333867e-01   6.1126487e-01   3.5101543e-02   2.0000000e+00   3.5087533e-02
   3.0654001e+02   1.4752109e+00   4.4573592e-01   2.4539001e-01   1.4333437e-01   6.1127563e-01   3.5101545e-02   2.0000000e+00   3.5087533e-02
   3.1364477e+02   1.4750944e+00   4.4556806e-01   2.4538406e-01   1.4333041e-01   6.1128554e-01   3.5101546e-02   2.0000000e+00   3.5087533e-02
   3.2074953e+02   1.4750036e+00   4.4543724e-01   2.4537942e-01   1.4332732e-01   6.1129326e-01   3.5101547e-02   2.0000000e+00   3.5087533e-02
   3.2785430e+02   1.4749329e+00   4.4533527e-01   2.4537580e-01   1.4332491e-01   6.1129928e-01   3.5101547e-02   2.0000000e+00   3.5087533e-02
   3.3495906e+02   1.4748777e+00   4.4525580e-01   2.4537298e-01   1.4332304e-01   6.1130398e-01   3.5101547e-02   2.0000000e+00   3.5087533e-02
   3.4206382e+02   1.4748347e+00   4.4519386e-01   2.4537079e-01   1.4332157e-01   6.1130764e-01   3.5101548e-02   2.0000000e+00   3.5087533e-02
   3.4916858e+02   1.4748012e+00   4.4514559e-01   2.4536907e-01   1.4332044e-01   6.1131049e-01   3.5101548e-02   2.0000000e+00   3.5087533e-02
   3.5627334e+02   1.4747751e+00   4.4510797e-01   2.4536774e-01   1.4331955e-01   6.1131271e-01   3.5101548e-02   2.0000000e+00   3.5087533e-02
   3.6548056e+02   1.4747496e+00   4.4507129e-01   2.4536644e-01   1.4331868e-01   6.1131488e-01   3.5101548e-02   2.0000000e+00   3.5087533e-02
   3.7468777e+02   1.4747312e+00   4.4504474e-01   2.4536550e-01   1.4331805e-01   6.1131645e-01   3.5101548e-02   2.0000000e+00   3.5087533e-02
   3.8389499e+02   1.4747178e+00   4.4502552e-01   2.4536481e-01   1.4331760e-01   6.1131759e-01   3.5101548e-02   2.0000000e+00   3.5087533e-02
   3.9310221e+02   1.4747082e+00   4.4501159e-01   2.4536432e-01   1.4331727e-01   6.1131841e-01   3.5101548e-02   2.0000000e+00   3.5087533e-02
   4.0000000e+02   1.4747027e+00   4.4500374e-01   2.4536404e-01   1.4331709e-01   6.1131887e-01   3.5101548e-02   2.0000000e+00   3.5087533e-02
   4.0000000e+02   8.3883085e+00   5.8985234e+00   2.4536404e-01   1.4331709e-01   6.1131887e-01   3.6555186e-02   9.0000000e+00   3.9405546e-02
   4.0006381e+02   8.3838613e+00   5.8923342e+00   2.4533053e-01   1.4329923e-01   6.1137025e-01   3.6558128e-02   9.0000000e+00   3.9405546e-02
   4.0012762e+02   8.3794157e+00   5.8861499e+00   2.4529703e-01   1.4328137e-01   6.1142161e-01   3.6561069e-02   9.0000000e+00   3.9405546e-02
   4.0019143e+02   8.3749717e+00   5.8799704e+00   2.4526354e-01   1.4326351e-01   6.1147295e-01   3.6564009e-02   9.0000000e+00   3.9405546e-02
   4.0046722e+02   8.3557828e+00   5.8533176e+00   2.4511890e-01   1.4318637e-01   6.1169473e-01   3.6576706e-02   9.0000000e+00   3.9405546e-02
   4.0074300e+02   8.3366235e+00   5.8267544e+00   2.4497445e-01   1.4310928e-01   6.1191627e-01   3.6589385e-02   9.0000000e+00   3.9405546e-02
   4.0101879e+02   8.3174941e+00   5.8002811e+00   2.4483020e-01   1.4303223e-01   6.1213757e-01   3.6602047e-02   9.0000000e+00   3.9405546e-02
   4.0129458e+02   8.2983949e+00   5.7738976e+00   2.4468613e-01   1.4295523e-01   6.1235864e-01   3.6614690e-02   9.0000000e+00   3.9405546e-02
   4.0201484e+02   8.2486569e+00   5.7054159e+00   2.4431079e-01   1.4275438e-01   6.1293483e-01   3.6647624e-02   9.0000000e+00   3.9405546e-02
   4.0273509e+02   8.1991253e+00   5.6375436e+00   2.4393677e-01   1.4255387e-01   6.1350936e-01   3.6680433e-02   9.0000000e+00   3.9405546e-02
   4.0345535e+02   8.1498006e+00   5.5702780e+00   2.4356405e-01   1.4235373e-01   6.1408222e-01   3.6713115e-02   9.0000000e+00   3.9405546e-02
   4.0417561e+02   8.1006831e+00   5.5036164e+00   2.4319266e-01   1.4215395e-01   6.1465339e-01   3.6745671e-02   9.0000000e+00   3.9405546e-02
   4.0622146e+02   7.9623034e+00   5.3175394e+00   2.4214491e-01   1.4158861e-01   6.1626647e-01   3.6837438e-02   9.0000000e+00   3.9405546e-02
   4.0826731e+02   7.8256122e+00   5.1362528e+00   2.4110784e-01   1.4102658e-01   6.1786558e-01   3.6928141e-02   9.0000000e+00   3.9405546e-02
   4.0881463e+02   7.7893335e+00   5.0885590e+00   2.4083223e-01   1.4087680e-01   6.1829097e-01   3.6952222e-02   9.0000000e+00   3.9405546e-02
   4.0936194e+02   7.7531833e+00   5.0412050e+00   2.4055745e-01   1.4072725e-01   6.1871530e-01   3.6976222e-02   9.0000000e+00   3.9405546e-02
   4.0990925e+02   7.7171649e+00   4.9941907e+00   2.4028354e-01   1.4057790e-01   6.1913856e-01   3.7000141e-02   9.0000000e+00   3.9405546e-02
   4.1045657e+02   7.6812794e+00   4.9475152e+00   2.4001051e-01   1.4042876e-01   6.1956073e-01   3.7023977e-02   9.0000000e+00   3.9405546e-02
   4.1100388e+02   7.6455267e+00   4.9011772e+00   2.3973835e-01   1.4027984e-01   6.1998181e-01   3.7047730e-02   9.0000000e+00   3.9405546e-02
   4.1186288e+02   7.5896812e+00   4.8291287e+00   2.3931296e-01   1.4004656e-01   6.2064048e-01   3.7084841e-02   9.0000000e+00   3.9405546e-02
   4.1272188e+02   7.5341632e+00   4.7579040e+00   2.3888971e-01   1.3981386e-01   6.2129643e-01   3.7121743e-02   9.0000000e+00   3.9405546e-02
   4.1358088e+02   7.4789734e+00   4.6874985e+00   2.3846861e-01   1.3958175e-01   6.2194964e-01   3.7158436e-02   9.0000000e+00   3.9405546e-02
   4.1443988e+02   7.4241127e+00   4.6179076e+00   2.3804966e-01   1.3935025e-01   6.2260008e-01   3.7194915e-02   9.0000000e+00   3.9405546e-02
   4.1644516e+02   7.2973293e+00   4.4585964e+00   2.3708002e-01   1.3881236e-01   6.2410762e-01   3.7279233e-02   9.0000000e+00   3.9405546e-02
   4.1798308e+02   7.2013204e+00   4.3393697e+00   2.3634434e-01   1.3840234e-01   6.2525332e-01   3.7343086e-02   9.0000000e+00   3.9405546e-02
   4.1846050e+02   7.1717362e+00   4.3028754e+00   2.3611740e-01   1.3827551e-01   6.2560709e-01   3.7362761e-02   9.0000000e+00   3.9405546e-02
   4.1893793e+02   7.1422608e+00   4.2666268e+00   2.3589119e-01   1.3814887e-01   6.2595995e-01   3.7382365e-02   9.0000000e+00   3.9405546e-02
   4.1941536e+02   7.1128953e+00   4.2306234e+00   2.3566571e-01   1.3802242e-01   6.2631187e-01   3.7401897e-02   9.0000000e+00   3.9405546e-02
   4.1989279e+02   7.0836398e+00   4.1948643e+00   2.3544096e-01   1.3789618e-01   6.2666286e-01   3.7421357e-02   9.0000000e+00   3.9405546e-02
   4.2037022e+02   7.0544941e+00   4.1593488e+00   2.3521695e-01   1.3777014e-01   6.2701292e-01   3.7440743e-02   9.0000000e+00   3.9405546e-02
   4.2158980e+02   6.9805412e+00   4.0697248e+00   2.3464803e-01   1.3744913e-01   6.2790283e-01   3.7489932e-02   9.0000000e+00   3.9405546e-02
   4.2280939e+02   6.9073079e+00   3.9816715e+00   2.3408390e-01   1.3712957e-01   6.2878653e-01   3.7538634e-02   9.0000000e+00   3.9405546e-02
   4.2402898e+02   6.8347970e+00   3.8951758e+00   2.3352455e-01   1.3681153e-01   6.2966392e-01   3.7586844e-02   9.0000000e+00   3.9405546e-02
   4.2524856e+02   6.7630116e+00   3.8102247e+00   2.3297000e-01   1.3649506e-01   6.3053494e-01   3.7634551e-02   9.0000000e+00   3.9405546e-02
   4.2646815e+02   6.6919571e+00   3.7268060e+00   2.3242028e-01   1.3618023e-01   6.3139949e-01   3.7681749e-02   9.0000000e+00   3.9405546e-02
   4.2748948e+02   6.6330296e+00   3.6581218e+00   2.3196377e-01   1.3591782e-01   6.3211841e-01   3.7720874e-02   9.0000000e+00   3.9405546e-02
   4.2851081e+02   6.5746387e+00   3.5905027e+00   2.3151087e-01   1.3565654e-01   6.3283259e-01   3.7759625e-02   9.0000000e+00   3.9405546e-02
   4.2953213e+02   6.5167886e+00   3.5239419e+00   2.3106160e-01   1.3539642e-01   6.3354198e-01   3.7797998e-02   9.0000000e+00   3.9405546e-02
   4.3055346e+02   6.4594805e+00   3.4584316e+00   2.3061597e-01   1.3513751e-01   6.3424652e-01   3.7835987e-02   9.0000000e+00   3.9405546e-02
   4.3157479e+02   6.4027155e+00   3.3939640e+00   2.3017398e-01   1.3487985e-01   6.3494617e-01   3.7873588e-02   9.0000000e+00   3.9405546e-02
   4.3390846e+02   6.2750607e+00   3.2505314e+00   2.2917774e-01   1.3429606e-01   6.3652620e-01   3.7958022e-02   9.0000000e+00   3.9405546e-02
   4.3454148e+02   6.2409305e+00   3.2125451e+00   2.2891082e-01   1.3413893e-01   6.3695025e-01   3.7980564e-02   9.0000000e+00   3.9405546e-02
   4.3517451e+02   6.2070189e+00   3.1749503e+00   2.2864539e-01   1.3398230e-01   6.3737231e-01   3.8002946e-02   9.0000000e+00   3.9405546e-02
   4.3580754e+02   6.1733271e+00   3.1377455e+00   2.2838144e-01   1.3382619e-01   6.3779236e-01   3.8025169e-02   9.0000000e+00   3.9405546e-02
   4.3644056e+02   6.1398555e+00   3.1009288e+00   2.2811898e-01   1.3367062e-01   6.3821040e-01   3.8047231e-02   9.0000000e+00   3.9405546e-02
   4.3707359e+02   6.1066043e+00   3.0644983e+00   2.2785802e-01   1.3351558e-01   6.3862640e-01   3.8069131e-02   9.0000000e+00   3.9405546e-02
   4.3868131e+02   6.0231487e+00   2.9736974e+00   2.2720192e-01   1.3312435e-01   6.3967373e-01   3.8124015e-02   9.0000000e+00   3.9405546e-02
   4.4028903e+02   5.9411250e+00   2.8853452e+00   2.2655546e-01   1.3273688e-01   6.4070766e-01   3.8177827e-02   9.0000000e+00   3.9405546e-02
   4.4157464e+02   5.8765761e+00   2.8164380e+00   2.2604553e-01   1.3242984e-01   6.4152463e-01   3.8220071e-02   9.0000000e+00   3.9405546e-02
   4.4286025e+02   5.8129693e+00   2.7490677e+00   2.2554198e-01   1.3212531e-01   6.4233271e-01   3.8261602e-02   9.0000000e+00   3.9405546e-02
   4.4414586e+02   5.7503158e+00   2.6832213e+00   2.2504490e-01   1.3182336e-01   6.4313174e-01   3.8302409e-02   9.0000000e+00   3.9405546e-02
   4.4543147e+02   5.6886213e+00   2.6188835e+00   2.2455432e-01   1.3152408e-01   6.4392160e-01   3.8342481e-02   9.0000000e+00   3.9405546e-02
   4.4671708e+02   5.6278892e+00   2.5560387e+00   2.2407025e-01   1.3122756e-01   6.4470219e-01   3.8381809e-02   9.0000000e+00   3.9405546e-02
   4.4829681e+02   5.5545903e+00   2.4808387e+00   2.2348444e-01   1.3086710e-01   6.4564846e-01   3.8429100e-02   9.0000000e+00   3.9405546e-02
   4.4956773e+02   5.4966964e+00   2.4219421e+00   2.2302046e-01   1.3058029e-01   6.4639925e-01   3.8466307e-02   9.0000000e+00   3.9405546e-02
   4.5083866e+02   5.4397739e+00   2.3644611e+00   2.2256310e-01   1.3029638e-01   6.4714052e-01   3.8502752e-02   9.0000000e+00   3.9405546e-02
   4.5210958e+02   5.3838280e+00   2.3083810e+00   2.2211240e-01   1.3001546e-01   6.4787214e-01   3.8538428e-02   9.0000000e+00   3.9405546e-02
   4.5338051e+02   5.3288618e+00   2.2536858e+00   2.2166839e-01   1.2973761e-01   6.4859400e-01   3.8573327e-02   9.0000000e+00   3.9405546e-02
   4.5465143e+02   5.2748783e+00   2.2003598e+00   2.2123107e-01   1.2946292e-01   6.4930601e-01   3.8607441e-02   9.0000000e+00   3.9405546e-02
   4.5543363e+02   5.2421468e+00   2.1682148e+00   2.2096529e-01   1.2929546e-01   6.4973925e-01   3.8628043e-02   9.0000000e+00   3.9405546e-02
   4.5621583e+02   5.2097952e+00   2.1365807e+00   2.2070212e-01   1.2912922e-01   6.5016866e-01   3.8648342e-02   9.0000000e+00   3.9405546e-02
   4.5699804e+02   5.1778249e+00   2.1054539e+00   2.2044157e-01   1.2896422e-01   6.5059420e-01   3.8668336e-02   9.0000000e+00   3.9405546e-02
   4.5778024e+02   5.1462362e+00   2.0748307e+00   2.2018365e-01   1.2880048e-01   6.5101586e-01   3.8688025e-02   9.0000000e+00   3.9405546e-02
   4.5856244e+02   5.1150295e+00   2.0447072e+00   2.1992836e-01   1.2863803e-01   6.5143362e-01   3.8707406e-02   9.0000000e+00   3.9405546e-02
   4.6057383e+02   5.0365396e+00   1.9695132e+00   2.1928397e-01   1.2822629e-01   6.5248973e-01   3.8755826e-02   9.0000000e+00   3.9405546e-02
   4.6220988e+02   4.9745703e+00   1.9107248e+00   2.1877277e-01   1.2789794e-01   6.5332929e-01   3.8793695e-02   9.0000000e+00   3.9405546e-02
   4.6384593e+02   4.9142942e+00   1.8540304e+00   2.1827330e-01   1.2757560e-01   6.5415110e-01   3.8830193e-02   9.0000000e+00   3.9405546e-02
   4.6548198e+02   4.8557177e+00   1.7993948e+00   2.1778565e-01   1.2725941e-01   6.5495494e-01   3.8865314e-02   9.0000000e+00   3.9405546e-02
   4.6711802e+02   4.7988410e+00   1.7467809e+00   2.1730987e-01   1.2694951e-01   6.5574062e-01   3.8899057e-02   9.0000000e+00   3.9405546e-02
   4.6875407e+02   4.7436618e+00   1.6961506e+00   2.1684597e-01   1.2664606e-01   6.5650797e-01   3.8931422e-02   9.0000000e+00   3.9405546e-02
   4.7046065e+02   4.6879165e+00   1.6454120e+00   2.1637482e-01   1.2633652e-01   6.5728866e-01   3.8963715e-02   9.0000000e+00   3.9405546e-02
   4.7216722e+02   4.6340215e+00   1.5967490e+00   2.1591677e-01   1.2603423e-01   6.5804900e-01   3.8994516e-02   9.0000000e+00   3.9405546e-02
   4.7387380e+02   4.5819692e+00   1.5501163e+00   2.1547183e-01   1.2573933e-01   6.5878884e-01   3.9023835e-02   9.0000000e+00   3.9405546e-02
   4.7558038e+02   4.5317474e+00   1.5054664e+00   2.1503996e-01   1.2545195e-01   6.5950809e-01   3.9051687e-02   9.0000000e+00   3.9405546e-02
   4.7728695e+02   4.4833439e+00   1.4627522e+00   2.1462118e-01   1.2517218e-01   6.6020664e-01   3.9078089e-02   9.0000000e+00   3.9405546e-02
   4.7925696e+02   4.4297146e+00   1.4157896e+00   2.1415403e-01   1.2485879e-01   6.6098718e-01   3.9106793e-02   9.0000000e+00   3.9405546e-02
   4.8122697e+02   4.3784668e+00   1.3712679e+00   2.1370427e-01   1.2455575e-01   6.6173998e-01   3.9133633e-02   9.0000000e+00   3.9405546e-02
   4.8319697e+02   4.3295653e+00   1.3291092e+00   2.1327181e-01   1.2426315e-01   6.6246504e-01   3.9158656e-02   9.0000000e+00   3.9405546e-02
   4.8516698e+02   4.2829689e+00   1.2892339e+00   2.1285649e-01   1.2398106e-01   6.6316245e-01   3.9181914e-02   9.0000000e+00   3.9405546e-02
   4.8713698e+02   4.2386341e+00   1.2515618e+00   2.1245815e-01   1.2370952e-01   6.6383233e-01   3.9203467e-02   9.0000000e+00   3.9405546e-02
   4.8915213e+02   4.1955763e+00   1.2152227e+00   2.1206809e-01   1.2344264e-01   6.6448927e-01   3.9223815e-02   9.0000000e+00   3.9405546e-02
   4.9116727e+02   4.1547820e+00   1.1810180e+00   2.1169541e-01   1.2318674e-01   6.6511785e-01   3.9242517e-02   9.0000000e+00   3.9405546e-02
   4.9318242e+02   4.1161884e+00   1.1488589e+00   2.1133983e-01   1.2294175e-01   6.6571842e-01   3.9259651e-02   9.0000000e+00   3.9405546e-02
   4.9519756e+02   4.0797280e+00   1.1186566e+00   2.1100101e-01   1.2270758e-01   6.6629141e-01   3.9275298e-02   9.0000000e+00   3.9405546e-02
   4.9721271e+02   4.0453299e+00   1.0903224e+00   2.1067859e-01   1.2248412e-01   6.6683729e-01   3.9289542e-02   9.0000000e+00   3.9405546e-02
   4.9930709e+02   4.0116858e+00   1.0627594e+00   2.1036048e-01   1.2226303e-01   6.6737649e-01   3.9302950e-02   9.0000000e+00   3.9405546e-02
   5.0140148e+02   3.9801064e+00   1.0370220e+00   2.1005922e-01   1.2205311e-01   6.6788767e-01   3.9315031e-02   9.0000000e+00   3.9405546e-02
   5.0349587e+02   3.9505072e+00   1.0130149e+00   2.0977436e-01   1.2185410e-01   6.6837153e-01   3.9325879e-02   9.0000000e+00   3.9405546e-02
   5.0559026e+02   3.9228011e+00   9.9064397e-01   2.0950540e-01   1.2166573e-01   6.6882887e-01   3.9335590e-02   9.0000000e+00   3.9405546e-02
   5.0768465e+02   3.8968988e+00   9.6981712e-01   2.0925180e-01   1.2148769e-01   6.6926051e-01   3.9344256e-02   9.0000000e+00   3.9405546e-02
   5.0977904e+02   3.8727101e+00   9.5044454e-01   2.0901299e-01   1.2131967e-01   6.6966734e-01   3.9351966e-02   9.0000000e+00   3.9405546e-02
   5.1221933e+02   3.8465693e+00   9.2959141e-01   2.0875261e-01   1.2113610e-01   6.7011128e-01   3.9359856e-02   9.0000000e+00   3.9405546e-02
   5.1465963e+02   3.8224953e+00   9.1046278e-01   2.0851061e-01   1.2096513e-01   6.7052427e-01   3.9366694e-02   9.0000000e+00   3.9405546e-02
   5.1709992e+02   3.8003528e+00   8.9293270e-01   2.0828603e-01   1.2080616e-01   6.7090781e-01   3.9372597e-02   9.0000000e+00   3.9405546e-02
   5.1954021e+02   3.7800109e+00   8.7688159e-01   2.0807794e-01   1.2065862e-01   6.7126344e-01   3.9377676e-02   9.0000000e+00   3.9405546e-02
   5.2198050e+02   3.7613430e+00   8.6219632e-01   2.0788542e-01   1.2052189e-01   6.7159269e-01   3.9382033e-02   9.0000000e+00   3.9405546e-02
   5.2442080e+02   3.7442282e+00   8.4877038e-01   2.0770753e-01   1.2039538e-01   6.7189708e-01   3.9385759e-02   9.0000000e+00   3.9405546e-02
   5.2779644e+02   3.7229005e+00   8.3208950e-01   2.0748393e-01   1.2023612e-01   6.7227995e-01   3.9390024e-02   9.0000000e+00   3.9405546e-02
   5.3117209e+02   3.7040395e+00   8.1738375e-01   2.0728431e-01   1.2009371e-01   6.7262198e-01   3.9393428e-02   9.0000000e+00   3.9405546e-02
   5.3454773e+02   3.6873824e+00   8.0443185e-01   2.0710648e-01   1.1996667e-01   6.7292684e-01   3.9396133e-02   9.0000000e+00   3.9405546e-02
   5.3792338e+02   3.6726889e+00   7.9303420e-01   2.0694837e-01   1.1985358e-01   6.7319805e-01   3.9398274e-02   9.0000000e+00   3.9405546e-02
   5.4129902e+02   3.6597406e+00   7.8301149e-01   2.0680803e-01   1.1975310e-01   6.7343888e-01   3.9399963e-02   9.0000000e+00   3.9405546e-02
   5.4467467e+02   3.6483402e+00   7.7420326e-01   2.0668365e-01   1.1966396e-01   6.7365239e-01   3.9401290e-02   9.0000000e+00   3.9405546e-02
   5.4805031e+02   3.6383104e+00   7.6646647e-01   2.0657358e-01   1.1958501e-01   6.7384141e-01   3.9402329e-02   9.0000000e+00   3.9405546e-02
   5.5248111e+02   3.6269613e+00   7.5772615e-01   2.0644828e-01   1.1949507e-01   6.7405666e-01   3.9403357e-02   9.0000000e+00   3.9405546e-02
   5.5691191e+02   3.6173858e+00   7.5036321e-01   2.0634191e-01   1.1941866e-01   6.7423943e-01   3.9404098e-02   9.0000000e+00   3.9405546e-02
   5.6134272e+02   3.6093129e+00   7.4416391e-01   2.0625178e-01   1.1935386e-01   6.7439436e-01   3.9404631e-02   9.0000000e+00   3.9405546e-02
   5.6577352e+02   3.6025115e+00   7.3894668e-01   2.0617549e-01   1.1929900e-01   6.7452551e-01   3.9405012e-02   9.0000000e+00   3.9405546e-02
   5.7020432e+02   3.5967844e+00   7.3455756e-01   2.0611101e-01   1.1925260e-01   6.7463639e-01   3.9405285e-02   9.0000000e+00   3.9405546e-02
   5.7463512e+02   3.5919640e+00   7.3086623e-01   2.0605657e-01   1.1921340e-01   6.7473003e-01   3.9405479e-02   9.0000000e+00   3.9405546e-02
   5.8026226e+02   3.5869285e+00   7.2701295e-01   2.0599951e-01   1.1917232e-01   6.7482817e-01   3.9405647e-02   9.0000000e+00   3.9405546e-02
   5.8588940e+02   3.5828871e+00   7.2392239e-01   2.0595359e-01   1.1913924e-01   6.7490717e-01   3.9405757e-02   9.0000000e+00   3.9405546e-02
   5.9151653e+02   3.5796446e+00   7.2144412e-01   2.0591667e-01   1.1911263e-01   6.7497070e-01   3.9405827e-02   9.0000000e+00   3.9405546e-02
   5.9714367e+02   3.5770438e+00   7.1945717e-01   2.0588699e-01   1.1909124e-01   6.7502177e-01   3.9405873e-02   9.0000000e+00   3.9405546e-02
   6.0277081e+02   3.5749583e+00   7.1786436e-01   2.0586316e-01   1.1907406e-01   6.7506278e-01   3.9405902e-02   9.0000000e+00   3.9405546e-02
   6.0839794e+02   3.5732862e+00   7.1658770e-01   2.0584403e-01   1.1906027e-01   6.7509571e-01   3.9405921e-02   9.0000000e+00   3.9405546e-02
   6.1402508e+02   3.5719459e+00   7.1556455e-01   2.0582867e-01   1.1904920e-01   6.7512212e-01   3.9405933e-02   9.0000000e+00   3.9405546e-02
   6.1985361e+02   3.5708373e+00   7.1471852e-01   2.0581597e-01   1.1904004e-01   6.7514399e-01   3.9405941e-02   9.0000000e+00   3.9405546e-02
   6.2568213e+02   3.5699559e+00   7.1404590e-01   2.0580586e-01   1.1903275e-01   6.7516139e-01   3.9405946e-02   9.0000000e+00   3.9405546e-02
   6.3151065e+02   3.5692552e+00   7.1351119e-01   2.0579782e-01   1.1902695e-01   6.7517523e-01   3.9405950e-02   9.0000000e+00   3.9405546e-02
   6.3733918e+02   3.5686980e+00   7.1308613e-01   2.0579142e-01   1.1902234e-01   6.7518624e-01   3.9405952e-02   9.0000000e+00   3.9405546e-02
   6.4316770e+02   3.5682551e+00   7.1274824e-01   2.0578634e-01   1.1901867e-01   6.7519500e-01   3.9405953e-02   9.0000000e+00   3.9405546e-02
   6.4899623e+02   3.5679031e+00   7.1247966e-01   2.0578229e-01   1.1901575e-01   6.7520196e-01   3.9405954e-02   9.0000000e+00   3.9405546e-02
   6.5482475e+02   3.5676232e+00   7.1226617e-01   2.0577908e-01   1.1901343e-01   6.7520749e-01   3.9405954e-02   9.0000000e+00   3.9405546e-02
   6.6193014e+02   3.5673585e+00   7.1206424e-01   2.0577603e-01   1.1901124e-01   6.7521273e-01   3.9405955e-02   9.0000000e+00   3.9405546e-02
   6.6903553e+02   3.5671584e+00   7.1191163e-01   2.0577373e-01   1.1900958e-01   6.7521669e-01   3.9405955e-02   9.0000000e+00   3.9405546e-02
   6.7614092e+02   3.5670071e+00   7.1179627e-01   2.0577200e-01   1.1900833e-01   6.7521968e-01   3.9405955e-02   9.0000000e+00   3.9405546e-02
   6.8324632e+02   3.5668928e+00   7.1170906e-01   2.0577068e-01   1.1900738e-01   6.7522194e-01   3.9405955e-02   9.0000000e+00   3.9405546e-02
   6.9035171e+02   3.5668064e+00   7.1164314e-01   2.0576969e-01   1.1900666e-01   6.7522365e-01   3.9405955e-02   9.0000000e+00   3.9405546e-02
   6.9745710e+02   3.5667410e+00   7.1159331e-01   2.0576894e-01   1.1900612e-01   6.7522494e-01   3.9405955e-02   9.0000000e+00   3.9405546e-02
   7.0456249e+02   3.5666917e+00   7.1155565e-01   2.0576837e-01   1.1900571e-01   6.7522592e-01   3.9405955e-02   9.0000000e+00   3.9405546e-02
   7.1395978e+02   3.5666444e+00   7.1151960e-01   2.0576782e-01   1.1900532e-01   6.7522686e-01   3.9405955e-02   9.0000000e+00   3.9405546e-02
   7.2335706e+02   3.5666117e+00   7.1149470e-01   2.0576745e-01   1.1900505e-01   6.7522750e-01   3.9405955e-02   9.0000000e+00   3.9405546e-02
   7.3275435e+02   3.5665892e+00   7.1147750e-01   2.0576719e-01   1.1900486e-01   6.7522795e-01   3.9405955e-02   9.0000000e+00   3.9405546e-02
   7.4215163e+02   3.5665736e+00   7.1146560e-01   2.0576701e-01   1.1900473e-01   6.7522826e-01   3.9405955e-02   9.0000000e+00   3.9405546e-02
   7.5154892e+02   3.5665628e+00   7.1145738e-01   2.0576689e-01   1.1900464e-01   6.7522847e-01   3.9405955e-02   9.0000000e+00   3.9405546e-02
   7.6094621e+02   3.5665554e+00   7.1145173e-01   2.0576680e-01   1.1900458e-01   6.7522862e-01   3.9405955e-02   9.0000000e+00   3.9405546e-02
   7.7034349e+02   3.5665503e+00   7.1144783e-01   2.0576674e-01   1.1900454e-01   6.7522872e-01   3.9405955e-02   9.0000000e+00   3.9405546e-02
   7.8581796e+02   3.5665451e+00   7.1144388e-01   2.0576668e-01   1.1900449e-01   6.7522882e-01   3.9405955e-02   9.0000000e+00   3.9405546e-02
   8.0000000e+02   3.5665424e+00   7.1144180e-01   2.0576665e-01   1.1900447e-01   6.7522888e-01   3.9405955e-02   9.0000000e+00   3.9405546e-02
   8.0000000e+02   7.6599907e-01   3.3002894e-02   2.0576665e-01   1.1900447e-01   6.7522888e-01   2.5226366e-02   1.0000000e+00   3.1873081e-02
   8.0000763e+02   7.6604572e-01   3.3019597e-02   2.0579661e-01   1.1901689e-01   6.7518650e-01   2.5229599e-02   1.0000000e+00   3.1873081e-02
   8.0001527e+02   7.6609235e-01   3.3036307e-02   2.0582655e-01   1.1902931e-01   6.7514413e-01   2.5232830e-02   1.0000000e+00   3.1873081e-02
   8.0002290e+02   7.6613896e-01   3.3053025e-02   2.0585649e-01   1.1904173e-01   6.7510178e-01   2.5236061e-02   1.0000000e+00   3.1873081e-02
   8.0005618e+02   7.6634189e-01   3.3125995e-02   2.0598690e-01   1.1909582e-01   6.7491728e-01   2.5250132e-02   1.0000000e+00   3.1873081e-02
   8.0008945e+02   7.6654438e-01   3.3199103e-02   2.0611712e-01   1.1914987e-01   6.7473301e-01   2.5264182e-02   1.0000000e+00   3.1873081e-02
   8.0012273e+02   7.6674642e-01   3.3272348e-02   2.0624716e-01   1.1920386e-01   6.7454898e-01   2.5278212e-02   1.0000000e+00   3.1873081e-02
   8.0015601e+02   7.6694801e-01   3.3345729e-02   2.0637700e-01   1.1925779e-01   6.7436520e-01   2.5292221e-02   1.0000000e+00   3.1873081e-02
   8.0025364e+02   7.6753686e-01   3.3561807e-02   2.0675688e-01   1.1941572e-01   6.7382741e-01   2.5333199e-02   1.0000000e+00   3.1873081e-02
   8.0035127e+02   7.6812188e-01   3.3779061e-02   2.0713513e-01   1.1957316e-01   6.7329171e-01   2.5373997e-02   1.0000000e+00   3.1873081e-02
   8.0044890e+02   7.6870308e-01   3.3997494e-02   2.0751175e-01   1.1973014e-01   6.7275811e-01   2.5414613e-02   1.0000000e+00   3.1873081e-02
   8.0054653e+02   7.6928050e-01   3.4217110e-02   2.0788675e-01   1.1988664e-01   6.7222661e-01   2.5455048e-02   1.0000000e+00   3.1873081e-02
   8.0089440e+02   7.7130763e-01   3.5009283e-02   2.0920971e-01   1.2044037e-01   6.7034992e-01   2.5597647e-02   1.0000000e+00   3.1873081e-02
   8.0124227e+02   7.7328844e-01   3.5816684e-02   2.1051207e-01   1.2098804e-01   6.6849990e-01   2.5737949e-02   1.0000000e+00   3.1873081e-02
   8.0159014e+02   7.7522425e-01   3.6639473e-02   2.1179386e-01   1.2152960e-01   6.6667654e-01   2.5875958e-02   1.0000000e+00   3.1873081e-02
   8.0193800e+02   7.7711633e-01   3.7477802e-02   2.1305513e-01   1.2206506e-01   6.6487982e-01   2.6011678e-02   1.0000000e+00   3.1873081e-02
   8.0232387e+02   7.7916549e-01   3.8426071e-02   2.1443023e-01   1.2265183e-01   6.6291795e-01   2.6159553e-02   1.0000000e+00   3.1873081e-02
   8.0270974e+02   7.8116413e-01   3.9393834e-02   2.1578023e-01   1.2323103e-01   6.6098874e-01   2.6304630e-02   1.0000000e+00   3.1873081e-02
   8.0309561e+02   7.8311395e-01   4.0381276e-02   2.1710524e-01   1.2380267e-01   6.5909209e-01   2.6446920e-02   1.0000000e+00   3.1873081e-02
   8.0348148e+02   7.8501666e-01   4.1388571e-02   2.1840540e-01   1.2436672e-01   6.5722788e-01   2.6586437e-02   1.0000000e+00   3.1873081e-02
   8.0386735e+02   7.8687389e-01   4.2415883e-02   2.1968086e-01   1.2492321e-01   6.5539594e-01   2.6723196e-02   1.0000000e+00   3.1873081e-02
   8.0446244e+02   7.8965271e-01   4.4039784e-02   2.2159982e-01   1.2576658e-01   6.5263360e-01   2.6928738e-02   1.0000000e+00   3.1873081e-02
   8.0505752e+02   7.9233301e-01   4.5712142e-02   2.2346110e-01   1.2659202e-01   6.4994689e-01   2.7127831e-02   1.0000000e+00   3.1873081e-02
   8.0565261e+02   7.9492043e-01   4.7433379e-02   2.2526544e-01   1.2739960e-01   6.4733496e-01   2.7320551e-02   1.0000000e+00   3.1873081e-02
   8.0624770e+02   7.9742041e-01   4.9203833e-02   2.2701369e-01   1.2818943e-01   6.4479688e-01   2.7506983e-02   1.0000000e+00   3.1873081e-02
   8.0660426e+02   7.9887922e-01   5.0288363e-02   2.2803477e-01   1.2865419e-01   6.4331104e-01   2.7615717e-02   1.0000000e+00   3.1873081e-02
   8.0673037e+02   7.9938891e-01   5.0676211e-02   2.2839126e-01   1.2881701e-01   6.4279173e-01   2.7653647e-02   1.0000000e+00   3.1873081e-02
   8.0685648e+02   7.9989586e-01   5.1066310e-02   2.2874539e-01   1.2897899e-01   6.4227562e-01   2.7691304e-02   1.0000000e+00   3.1873081e-02
   8.0698259e+02   8.0040021e-01   5.1458665e-02   2.2909718e-01   1.2914012e-01   6.4176271e-01   2.7728689e-02   1.0000000e+00   3.1873081e-02
   8.0710870e+02   8.0090195e-01   5.1853277e-02   2.2944663e-01   1.2930040e-01   6.4125297e-01   2.7765805e-02   1.0000000e+00   3.1873081e-02
   8.0723480e+02   8.0140107e-01   5.2250145e-02   2.2979375e-01   1.2945985e-01   6.4074640e-01   2.7802651e-02   1.0000000e+00   3.1873081e-02
   8.0736091e+02   8.0189761e-01   5.2649271e-02   2.3013854e-01   1.2961847e-01   6.4024299e-01   2.7839228e-02   1.0000000e+00   3.1873081e-02
   8.0756739e+02   8.0270518e-01   5.3307632e-02   2.3069808e-01   1.2987636e-01   6.3942556e-01   2.7898538e-02   1.0000000e+00   3.1873081e-02
   8.0777386e+02   8.0350616e-01   5.3972051e-02   2.3125146e-01   1.3013203e-01   6.3861651e-01   2.7957134e-02   1.0000000e+00   3.1873081e-02
   8.0798034e+02   8.0430071e-01   5.4642530e-02   2.3179873e-01   1.3038548e-01   6.3781580e-01   2.8015022e-02   1.0000000e+00   3.1873081e-02
   8.0818681e+02   8.0508899e-01   5.5319067e-02   2.3233991e-01   1.3063672e-01   6.3702337e-01   2.8072205e-02   1.0000000e+00   3.1873081e-02
   8.0839329e+02   8.0587115e-01   5.6001661e-02   2.3287506e-01   1.3088577e-01   6.3623918e-01   2.8128688e-02   1.0000000e+00   3.1873081e-02
   8.0894471e+02   8.0793120e-01   5.7854307e-02   2.3427500e-01   1.3154021e-01   6.3418479e-01   2.8276140e-02   1.0000000e+00   3.1873081e-02
   8.0949614e+02   8.0995146e-01   5.9750005e-02   2.3563302e-01   1.3217930e-01   6.3218769e-01   2.8418720e-02   1.0000000e+00   3.1873081e-02
   8.1004757e+02   8.1193459e-01   6.1688552e-02   2.3694995e-01   1.3280325e-01   6.3024679e-01   2.8556519e-02   1.0000000e+00   3.1873081e-02
   8.1059900e+02   8.1388312e-01   6.3669658e-02   2.3822668e-01   1.3341232e-01   6.2836100e-01   2.8689633e-02   1.0000000e+00   3.1873081e-02
   8.1115042e+02   8.1579941e-01   6.5692951e-02   2.3946409e-01   1.3400674e-01   6.2652917e-01   2.8818158e-02   1.0000000e+00   3.1873081e-02
   8.1183072e+02   8.1812244e-01   6.8246522e-02   2.4093783e-01   1.3472028e-01   6.2434188e-01   2.8970544e-02   1.0000000e+00   3.1873081e-02
   8.1251102e+02   8.2040370e-01   7.0862530e-02   2.4235480e-01   1.3541243e-01   6.2223277e-01   2.9116285e-02   1.0000000e+00   3.1873081e-02
   8.1319132e+02   8.2264677e-01   7.3539707e-02   2.4371673e-01   1.3608368e-01   6.2019959e-01   2.9255574e-02   1.0000000e+00   3.1873081e-02
   8.1387161e+02   8.2485492e-01   7.6276575e-02   2.4502534e-01   1.3673456e-01   6.1824011e-01   2.9388605e-02   1.0000000e+00   3.1873081e-02
   8.1455191e+02   8.2703110e-01   7.9071441e-02   2.4628238e-01   1.3736557e-01   6.1635205e-01   2.9515576e-02   1.0000000e+00   3.1873081e-02
   8.1523221e+02   8.2917794e-01   8.1922412e-02   2.4748957e-01   1.3797726e-01   6.1453317e-01   2.9636685e-02   1.0000000e+00   3.1873081e-02
   8.1632283e+02   8.3256486e-01   8.6604742e-02   2.4932524e-01   1.3891883e-01   6.1175593e-01   2.9819104e-02   1.0000000e+00   3.1873081e-02
   8.1657941e+02   8.3335325e-01   8.7725508e-02   2.4973998e-01   1.3913350e-01   6.1112652e-01   2.9859994e-02   1.0000000e+00   3.1873081e-02
   8.1683600e+02   8.3413942e-01   8.8853368e-02   2.5014846e-01   1.3934557e-01   6.1050597e-01   2.9900138e-02   1.0000000e+00   3.1873081e-02
   8.1709258e+02   8.3492358e-01   8.9988197e-02   2.5055081e-01   1.3955504e-01   6.0989415e-01   2.9939544e-02   1.0000000e+00   3.1873081e-02
   8.1734916e+02   8.3570576e-01   9.1129853e-02   2.5094709e-01   1.3976195e-01   6.0929095e-01   2.9978225e-02   1.0000000e+00   3.1873081e-02
   8.1760574e+02   8.3648598e-01   9.2278190e-02   2.5133740e-01   1.3996634e-01   6.0869626e-01   3.0016189e-02   1.0000000e+00   3.1873081e-02
   8.1813295e+02   8.3808313e-01   9.4658102e-02   2.5212097e-01   1.4037852e-01   6.0750051e-01   3.0091992e-02   1.0000000e+00   3.1873081e-02
   8.1866017e+02   8.3967245e-01   9.7064287e-02   2.5288037e-01   1.4078041e-01   6.0633922e-01   3.0164904e-02   1.0000000e+00   3.1873081e-02
   8.1918738e+02   8.4125421e-01   9.9495383e-02   2.5361632e-01   1.4117228e-01   6.0521140e-01   3.0235013e-02   1.0000000e+00   3.1873081e-02
   8.1971460e+02   8.4282861e-01   1.0194998e-01   2.5432951e-01   1.4155438e-01   6.0411611e-01   3.0302404e-02   1.0000000e+00   3.1873081e-02
   8.2024182e+02   8.4439578e-01   1.0442664e-01   2.5502063e-01   1.4192695e-01   6.0305242e-01   3.0367165e-02   1.0000000e+00   3.1873081e-02
   8.2109319e+02   8.4691138e-01   1.0846882e-01   2.5609182e-01   1.4250911e-01   6.0139908e-01   3.0466403e-02   1.0000000e+00   3.1873081e-02
   8.2194456e+02   8.4940824e-01   1.1255818e-01   2.5710998e-01   1.4306807e-01   5.9982196e-01   3.0559352e-02   1.0000000e+00   3.1873081e-02
   8.2279593e+02   8.5188597e-01   1.1668813e-01   2.5807778e-01   1.4360481e-01   5.9831741e-01   3.0646351e-02   1.0000000e+00   3.1873081e-02
   8.2364730e+02   8.5434395e-01   1.2085197e-01   2.5899780e-01   1.4412029e-01   5.9688191e-01   3.0727730e-02   1.0000000e+00   3.1873081e-02
   8.2449867e+02   8.5678131e-01   1.2504296e-01   2.5987250e-01   1.4461542e-01   5.9551209e-01   3.0803809e-02   1.0000000e+00   3.1873081e-02
   8.2535004e+02   8.5919699e-01   1.2925436e-01   2.6070424e-01   1.4509108e-01   5.9420468e-01   3.0874895e-02   1.0000000e+00   3.1873081e-02
   8.2651408e+02   8.6246254e-01   1.3503333e-01   2.6177598e-01   1.4571148e-01   5.9251254e-01   3.0964545e-02   1.0000000e+00   3.1873081e-02
   8.2687715e+02   8.6347210e-01   1.3683849e-01   2.6209560e-01   1.4589817e-01   5.9200623e-01   3.0990825e-02   1.0000000e+00   3.1873081e-02
   8.2724022e+02   8.6447773e-01   1.3864413e-01   2.6240858e-01   1.4608170e-01   5.9150972e-01   3.1016345e-02   1.0000000e+00   3.1873081e-02
   8.2760329e+02   8.6547942e-01   1.4044978e-01   2.6271510e-01   1.4626210e-01   5.9102280e-01   3.1041123e-02   1.0000000e+00   3.1873081e-02
   8.2796635e+02   8.6647703e-01   1.4225495e-01   2.6301528e-01   1.4643945e-01   5.9054527e-01   3.1065180e-02   1.0000000e+00   3.1873081e-02
   8.2832942e+02   8.6747036e-01   1.4405918e-01   2.6330929e-01   1.4661380e-01   5.9007691e-01   3.1088536e-02   1.0000000e+00   3.1873081e-02
   8.2869249e+02   8.6845929e-01   1.4586199e-01   2.6359725e-01   1.4678522e-01   5.8961754e-01   3.1111210e-02   1.0000000e+00   3.1873081e-02
   8.2929977e+02   8.7010318e-01   1.4887297e-01   2.6406577e-01   1.4706552e-01   5.8886871e-01   3.1147661e-02   1.0000000e+00   3.1873081e-02
   8.2990704e+02   8.7173382e-01   1.5187664e-01   2.6451841e-01   1.4733803e-01   5.8814356e-01   3.1182341e-02   1.0000000e+00   3.1873081e-02
   8.3051431e+02   8.7335061e-01   1.5487099e-01   2.6495579e-01   1.4760300e-01   5.8744122e-01   3.1215333e-02   1.0000000e+00   3.1873081e-02
   8.3112159e+02   8.7495300e-01   1.5785410e-01   2.6537848e-01   1.4786066e-01   5.8676086e-01   3.1246715e-02   1.0000000e+00   3.1873081e-02
   8.3172886e+02   8.7654043e-01   1.6082411e-01   2.6578704e-01   1.4811127e-01   5.8610169e-01   3.1276565e-02   1.0000000e+00   3.1873081e-02
   8.3264701e+02   8.7891095e-01   1.6528581e-01   2.6637915e-01   1.4847726e-01   5.8514360e-01   3.1318944e-02   1.0000000e+00   3.1873081e-02
   8.3356517e+02   8.8124443e-01   1.6970784e-01   2.6694198e-01   1.4882838e-01   5.8422964e-01   3.1358224e-02   1.0000000e+00   3.1873081e-02
   8.3448332e+02   8.8353935e-01   1.7408492e-01   2.6747722e-01   1.4916534e-01   5.8335744e-01   3.1394629e-02   1.0000000e+00   3.1873081e-02
   8.3540147e+02   8.8579434e-01   1.7841225e-01   2.6798643e-01   1.4948882e-01   5.8252475e-01   3.1428367e-02   1.0000000e+00   3.1873081e-02
   8.3631963e+02   8.8800823e-01   1.8268547e-01   2.6847110e-01   1.4979946e-01   5.8172944e-01   3.1459635e-02   1.0000000e+00   3.1873081e-02
   8.3723778e+02   8.9018002e-01   1.8690068e-01   2.6893261e-01   1.5009788e-01   5.8096952e-01   3.1488615e-02   1.0000000e+00   3.1873081e-02
   8.3854823e+02   8.9320518e-01   1.9280968e-01   2.6955376e-01   1.5050373e-01   5.7994251e-01   3.1526347e-02   1.0000000e+00   3.1873081e-02
   8.3985868e+02   8.9614102e-01   1.9858495e-01   2.7013388e-01   1.5088740e-01   5.7897871e-01   3.1560213e-02   1.0000000e+00   3.1873081e-02
   8.4116913e+02   8.9898630e-01   2.0421952e-01   2.7067620e-01   1.5125033e-01   5.7807348e-01   3.1590618e-02   1.0000000e+00   3.1873081e-02
   8.4247958e+02   9.0174040e-01   2.0970797e-01   2.7118362e-01   1.5159384e-01   5.7722254e-01   3.1617928e-02   1.0000000e+00   3.1873081e-02
   8.4379003e+02   9.0440320e-01   2.1504623e-01   2.7165882e-01   1.5191917e-01   5.7642201e-01   3.1642468e-02   1.0000000e+00   3.1873081e-02
   8.4510048e+02   9.0697509e-01   2.2023151e-01   2.7210424e-01   1.5222747e-01   5.7566829e-01   3.1664530e-02   1.0000000e+00   3.1873081e-02
   8.4663565e+02   9.0987345e-01   2.2610913e-01   2.7259114e-01   1.5256838e-01   5.7484048e-01   3.1687572e-02   1.0000000e+00   3.1873081e-02
   8.4817082e+02   9.1265001e-01   2.3177341e-01   2.7304347e-01   1.5288891e-01   5.7406762e-01   3.1707942e-02   1.0000000e+00   3.1873081e-02
   8.4970599e+02   9.1530722e-01   2.3722485e-01   2.7346415e-01   1.5319049e-01   5.7334536e-01   3.1725963e-02   1.0000000e+00   3.1873081e-02
   8.5124117e+02   9.1784797e-01   2.4246528e-01   2.7385583e-01   1.5347444e-01   5.7266974e-01   3.1741919e-02   1.0000000e+00   3.1873081e-02
   8.5277634e+02   9.2027547e-01   2.4749758e-01   2.7422088e-01   1.5374194e-01   5.7203718e-01   3.1756060e-02   1.0000000e+00   3.1873081e-02
   8.5431151e+02   9.2259321e-01   2.5232552e-01   2.7456145e-01   1.5399411e-01   5.7144444e-01   3.1768601e-02   1.0000000e+00   3.1873081e-02
   8.5584668e+02   9.2480484e-01   2.5695356e-01   2.7487950e-01   1.5423195e-01   5.7088855e-01   3.1779735e-02   1.0000000e+00   3.1873081e-02
   8.5786432e+02   9.2755654e-01   2.6274057e-01   2.7526619e-01   1.5452431e-01   5.7020950e-01   3.1792502e-02   1.0000000e+00   3.1873081e-02
   8.5988196e+02   9.3014024e-01   2.6820348e-01   2.7562059e-01   1.5479545e-01   5.6958396e-01   3.1803446e-02   1.0000000e+00   3.1873081e-02
   8.6189959e+02   9.3256475e-01   2.7335557e-01   2.7594586e-01   1.5504713e-01   5.6900702e-01   3.1812841e-02   1.0000000e+00   3.1873081e-02
   8.6391723e+02   9.3483873e-01   2.7821061e-01   2.7624479e-01   1.5528090e-01   5.6847431e-01   3.1820917e-02   1.0000000e+00   3.1873081e-02
   8.6593487e+02   9.3697069e-01   2.8278255e-01   2.7651987e-01   1.5549819e-01   5.6798195e-01   3.1827868e-02   1.0000000e+00   3.1873081e-02
   8.6795251e+02   9.3896885e-01   2.8708537e-01   2.7677330e-01   1.5570028e-01   5.6752642e-01   3.1833858e-02   1.0000000e+00   3.1873081e-02
   8.6997015e+02   9.4084114e-01   2.9113283e-01   2.7700704e-01   1.5588835e-01   5.6710460e-01   3.1839025e-02   1.0000000e+00   3.1873081e-02
   8.7229410e+02   9.4285154e-01   2.9549588e-01   2.7725416e-01   1.5608898e-01   5.6665686e-01   3.1844112e-02   1.0000000e+00   3.1873081e-02
   8.7461804e+02   9.4471599e-01   2.9955804e-01   2.7747986e-01   1.5627390e-01   5.6624624e-01   3.1848414e-02   1.0000000e+00   3.1873081e-02
   8.7694199e+02   9.4644487e-01   3.0333852e-01   2.7768626e-01   1.5644443e-01   5.6586931e-01   3.1852059e-02   1.0000000e+00   3.1873081e-02
   8.7926594e+02   9.4804789e-01   3.0685562e-01   2.7787521e-01   1.5660178e-01   5.6552300e-01   3.1855150e-02   1.0000000e+00   3.1873081e-02
   8.8158989e+02   9.4953412e-01   3.1012675e-01   2.7804837e-01   1.5674705e-01   5.6520457e-01   3.1857774e-02   1.0000000e+00   3.1873081e-02
   8.8391384e+02   9.5091205e-01   3.1316836e-01   2.7820721e-01   1.5688123e-01   5.6491156e-01   3.1860005e-02   1.0000000e+00   3.1873081e-02
   8.8623779e+02   9.5218956e-01   3.1599596e-01   2.7835305e-01   1.5700520e-01   5.6464175e-01   3.1861903e-02   1.0000000e+00   3.1873081e-02
   8.8908510e+02   9.5362859e-01   3.1918995e-01   2.7851571e-01   1.5714439e-01   5.6433990e-01   3.1863849e-02   1.0000000e+00   3.1873081e-02
   8.9193241e+02   9.5494030e-01   3.2210957e-01   2.7866251e-01   1.5727086e-01   5.6406663e-01   3.1865450e-02   1.0000000e+00   3.1873081e-02
   8.9477973e+02   9.5613604e-01   3.2477793e-01   2.7879515e-01   1.5738583e-01   5.6381902e-01   3.1866769e-02   1.0000000e+00   3.1873081e-02
   8.9762704e+02   9.5722614e-01   3.2721631e-01   2.7891510e-01   1.5749038e-01   5.6359452e-01   3.1867855e-02   1.0000000e+00   3.1873081e-02
   9.0047435e+02   9.5822002e-01   3.2944426e-01   2.7902367e-01   1.5758549e-01   5.6339083e-01   3.1868752e-02   1.0000000e+00   3.1873081e-02
   9.0332166e+02   9.5912626e-01   3.3147975e-01   2.7912202e-01   1.5767206e-01   5.6320592e-01   3.1869493e-02   1.0000000e+00   3.1873081e-02
   9.0616898e+02   9.5995265e-01   3.3333925e-01   2.7921117e-01   1.5775087e-01   5.6303796e-01   3.1870105e-02   1.0000000e+00   3.1873081e-02
   9.0969277e+02   9.6087539e-01   3.3541934e-01   2.7931012e-01   1.5783872e-01   5.6285116e-01   3.1870719e-02   1.0000000e+00   3.1873081e-02
   9.1321657e+02   9.6169881e-01   3.3727890e-01   2.7939789e-01   1.5791699e-01   5.6268511e-01   3.1871205e-02   1.0000000e+00   3.1873081e-02
   9.1674036e+02   9.6243369e-01   3.3894123e-01   2.7947582e-01   1.5798676e-01   5.6253743e-01   3.1871590e-02   1.0000000e+00   3.1873081e-02
   9.2026416e+02   9.6308964e-01   3.4042718e-01   2.7954505e-01   1.5804895e-01   5.6240600e-01   3.1871895e-02   1.0000000e+00   3.1873081e-02
   9.2378796e+02   9.6367521e-01   3.4175541e-01   2.7960660e-01   1.5810442e-01   5.6228899e-01   3.1872138e-02   1.0000000e+00   3.1873081e-02
   9.2731175e+02   9.6419799e-01   3.4294264e-01   2.7966134e-01   1.5815389e-01   5.6218476e-01   3.1872330e-02   1.0000000e+00   3.1873081e-02
   9.3083555e+02   9.6466478e-01   3.4400379e-01   2.7971007e-01   1.5819803e-01   5.6209190e-01   3.1872483e-02   1.0000000e+00   3.1873081e-02
   9.3522183e+02   9.6517665e-01   3.4516862e-01   2.7976332e-01   1.5824640e-01   5.6199028e-01   3.1872630e-02   1.0000000e+00   3.1873081e-02
   9.3960812e+02   9.6562129e-01   3.4618150e-01   2.7980944e-01   1.5828839e-01   5.6190217e-01   3.1872741e-02   1.0000000e+00   3.1873081e-02
   9.4399441e+02   9.6600759e-01   3.4706224e-01   2.7984939e-01   1.5832484e-01   5.6182576e-01   3.1872825e-02   1.0000000e+00   3.1873081e-02
   9.4838069e+02   9.6634324e-01   3.4782809e-01   2.7988403e-01   1.5835650e-01   5.6175947e-01   3.1872888e-02   1.0000000e+00   3.1873081e-02
   9.5276698e+02   9.6663490e-01   3.4849402e-01   2.7991407e-01   1.5838399e-01   5.6170194e-01   3.1872935e-02   1.0000000e+00   3.1873081e-02
   9.5715326e+02   9.6688836e-01   3.4907307e-01   2.7994012e-01   1.5840788e-01   5.6165200e-01   3.1872971e-02   1.0000000e+00   3.1873081e-02
   9.6153955e+02   9.6710864e-01   3.4957657e-01   2.7996273e-01   1.5842863e-01   5.6160864e-01   3.1872998e-02   1.0000000e+00   3.1873081e-02
   9.6701327e+02   9.6734355e-01   3.5011375e-01   2.7998680e-01   1.5845076e-01   5.6156244e-01   3.1873023e-02   1.0000000e+00   3.1873081e-02
   9.7248698e+02   9.6754076e-01   3.5056494e-01   2.8000699e-01   1.5846932e-01   5.6152369e-01   3.1873040e-02   1.0000000e+00   3.1873081e-02
   9.7796070e+02   9.6770633e-01   3.5094389e-01   2.8002391e-01   1.5848491e-01   5.6149118e-01   3.1873052e-02   1.0000000e+00   3.1873081e-02
   9.8343442e+02   9.6784536e-01   3.5126217e-01   2.8003811e-01   1.5849799e-01   5.6146390e-01   3.1873061e-02   1.0000000e+00   3.1873081e-02
   9.8890814e+02   9.6796209e-01   3.5152951e-01   2.8005002e-01   1.5850897e-01   5.6144100e-01   3.1873067e-02   1.0000000e+00   3.1873081e-02
   9.9438185e+02   9.6806011e-01   3.5175404e-01   2.8006002e-01   1.5851820e-01   5.6142179e-01   3.1873071e-02   1.0000000e+00   3.1873081e-02
   9.9985557e+02   9.6814243e-01   3.5194262e-01   2.8006840e-01   1.5852594e-01   5.6140566e-01   3.1873074e-02   1.0000000e+00   3.1873081e-02
   1.0067068e+03   9.6822712e-01   3.5213670e-01   2.8007703e-01   1.5853391e-01   5.6138906e-01   3.1873077e-02   1.0000000e+00   3.1873081e-02
   1.0135580e+03   9.6829519e-01   3.5229271e-01   2.8008396e-01   1.5854031e-01   5.6137573e-01   3.1873078e-02   1.0000000e+00   3.1873081e-02
   1.0204093e+03   9.6834990e-01   3.5241811e-01   2.8008953e-01   1.5854545e-01   5.6136502e-01   3.1873079e-02   1.0000000e+00   3.1873081e-02
   1.0272605e+03   9.6839388e-01   3.5251892e-01   2.8009400e-01   1.5854959e-01   5.6135641e-01   3.1873080e-02   1.0000000e+00   3.1873081e-02
   1.0341117e+03   9.6842923e-01   3.5259995e-01   2.8009760e-01   1.5855291e-01   5.6134949e-01   3.1873080e-02   1.0000000e+00   3.1873081e-02
   1.0409629e+03   9.6845764e-01   3.5266509e-01   2.8010049e-01   1.5855558e-01   5.6134393e-01   3.1873081e-02   1.0000000e+00   3.1873081e-02
   1.0478142e+03   9.6848047e-01   3.5271745e-01   2.8010281e-01   1.5855773e-01   5.6133946e-01   3.1873081e-02   1.0000000e+00   3.1873081e-02
   1.0565500e+03   9.6850321e-01   3.5276958e-01   2.8010512e-01   1.5855987e-01   5.6133501e-01   3.1873081e-02   1.0000000e+00   3.1873081e-02
   1.0652859e+03   9.6852042e-01   3.5280905e-01   2.8010687e-01   1.5856149e-01   5.6133165e-01   3.1873081e-02   1.0000000e+00   3.1873081e-02
   1.0740217e+03   9.6853345e-01   3.5283892e-01   2.8010819e-01   1.5856271e-01   5.6132910e-01   3.1873081e-02   1.0000000e+00   3.1873081e-02
   1.0827576e+03   9.6854331e-01   3.5286155e-01   2.8010919e-01   1.5856364e-01   5.6132717e-01   3.1873081e-02   1.0000000e+00   3.1873081e-02
   1.0914934e+03   9.6855078e-01   3.5287867e-01   2.8010995e-01   1.5856434e-01   5.6132571e-01   3.1873081e-02   1.0000000e+00   3.1873081e-02
   1.1002293e+03   9.6855643e-01   3.5289163e-01   2.8011053e-01   1.5856487e-01   5.6132460e-01   3.1873081e-02   1.0000000e+00   3.1873081e-02
   1.1089651e+03   9.6856071e-01   3.5290144e-01   2.8011096e-01   1.5856527e-01   5.6132376e-01   3.1873081e-02   1.0000000e+00   3.1873081e-02
   1.1205673e+03   9.6856482e-01   3.5291089e-01   2.8011138e-01   1.5856566e-01   5.6132296e-01   3.1873081e-02   1.0000000e+00   3.1873081e-02
   1.1321695e+03   9.6856767e-01   3.5291741e-01   2.8011167e-01   1.5856593e-01   5.6132240e-01   3.1873081e-02   1.0000000e+00   3.1873081e-02
   1.1437717e+03   9.6856964e-01   3.5292192e-01   2.8011187e-01   1.5856611e-01   5.6132202e-01   3.1873081e-02   1.0000000e+00   3.1873081e-02
   1.1553739e+03   9.6857100e-01   3.5292504e-01   2.8011201e-01   1.5856624e-01   5.6132175e-01   3.1873081e-02   1.0000000e+00   3.1873081e-02
   1.1669761e+03   9.6857194e-01   3.5292720e-01   2.8011210e-01   1.5856633e-01   5.6132157e-01   3.1873081e-02   1.0000000e+00   3.1873081e-02
   1.1785783e+03   9.6857258e-01   3.5292868e-01   2.8011217e-01   1.5856639e-01   5.6132144e-01   3.1873081e-02   1.0000000e+00   3.1873081e-02
   1.1901805e+03   9.6857303e-01   3.5292971e-01   2.8011221e-01   1.5856643e-01   5.6132135e-01   3.1873081e-02   1.0000000e+00   3.1873081e-02
   1.2000000e+03   9.6857330e-01   3.5293033e-01   2.8011224e-01   1.5856646e-01   5.6132130e-01   3.1873081e-02   1.0000000e+00   3.1873081e-02
